,0-0,1-0,1-1,2-0,2-1,2-2,3-0,3-1,3-2,3-3,4-0,4-1,4-2,4-3,4-4,5-0,5-1,5-2,5-3,5-4,5-5,6-0,6-1,6-2,6-3,6-4,6-5,6-6
0-0,1.0,0.05798613,0.030149313,0.060458694,0.06500143,0.072912626,0.06882167,0.055247173,0.06805924,0.061745822,0.110674575,0.06585896,0.052193437,0.07841718,0.08398693,0.109692045,0.092853226,0.0836906,0.10707229,0.09960477,0.07016833,0.10295097,0.08706221,0.09206966,0.1053757,0.07727805,0.077147394,0.11092497
1-0,0.05798613,1.0,0.07154371,0.052605856,0.08258165,0.05583113,0.05911718,0.08853601,0.062704876,0.06892565,0.051003277,0.077078834,0.06188445,0.06924733,0.09891173,0.08364205,0.06815285,0.0743049,0.0991402,0.06563213,0.06608443,0.07364723,0.08728411,0.08902256,0.04606904,0.10007415,0.13326445,0.0940612
1-1,0.030149313,0.07154371,0.99999994,0.09023658,0.021819266,0.08622713,0.061410036,0.07464681,0.032682724,0.07278845,0.05134671,0.06870178,0.09462333,0.086115636,0.08725113,0.044987895,0.078529194,0.0808066,0.09535021,0.117397025,0.07637081,0.09320223,0.091448806,0.07511235,0.07983201,0.11223678,0.07899018,0.101041265
2-0,0.060458694,0.052605856,0.09023658,0.9999998,0.038012233,0.070834756,0.064924896,0.08831602,0.07762113,0.08769653,0.07551477,0.08281213,0.091443695,0.05660254,0.06836101,0.086585924,0.08316661,0.10572958,0.107910186,0.0789257,0.10584637,0.102509364,0.07392797,0.079934075,0.055031482,0.075523645,0.06651721,0.068822354
2-1,0.06500143,0.08258165,0.021819266,0.038012233,0.99999994,0.06281142,0.060379226,0.053760953,0.08384183,0.071684465,0.05113906,0.088302344,0.06633477,0.09051366,0.079478145,0.103091866,0.067805566,0.08054752,0.06790933,0.062268548,0.1157153,0.0794748,0.091601245,0.061353397,0.07159551,0.09681642,0.08420086,0.05759316
2-2,0.072912626,0.05583113,0.08622713,0.070834756,0.06281142,1.0,0.07587545,0.048112936,0.07716529,0.07140143,0.06667421,0.10907771,0.06860945,0.05691114,0.085076295,0.096528575,0.06289945,0.09002649,0.10257735,0.096301734,0.0887027,0.06531462,0.07388677,0.08308196,0.09150989,0.0840836,0.07121601,0.06500801
3-0,0.06882167,0.05911718,0.061410036,0.064924896,0.060379226,0.07587545,1.0,0.041356206,0.052300595,0.05891103,0.07775706,0.057603337,0.08500166,0.0806421,0.09520649,0.071050584,0.069854215,0.059792273,0.07074282,0.09325011,0.072613515,0.09930251,0.08981588,0.09113909,0.078142464,0.04461233,0.10315231,0.07729081
3-1,0.055247173,0.08853601,0.07464681,0.08831602,0.053760953,0.048112936,0.041356206,1.0,0.066870816,0.052886285,0.056410838,0.072074935,0.09310541,0.10247859,0.070523195,0.05385687,0.045473788,0.06793429,0.10410374,0.062560946,0.058914583,0.084015705,0.067146294,0.0897125,0.11554513,0.08551752,0.069563195,0.081373736
3-2,0.06805924,0.062704876,0.032682724,0.07762113,0.08384183,0.07716529,0.052300595,0.066870816,0.99999994,0.08891353,0.07876284,0.07295409,0.036436707,0.050628703,0.04509475,0.08259523,0.112595804,0.06382791,0.08926194,0.09950595,0.09539303,0.06648445,0.053090308,0.07439375,0.0602226,0.0678643,0.061676543,0.074932575
3-3,0.061745822,0.06892565,0.07278845,0.08769653,0.071684465,0.07140143,0.05891103,0.052886285,0.08891353,1.0000001,0.05123531,0.0739277,0.048151437,0.069961384,0.083144434,0.08349838,0.09279764,0.048078787,0.07806967,0.054583363,0.09760513,0.11442822,0.06682565,0.08870001,0.07288586,0.07498584,0.09635996,0.08681562
4-0,0.110674575,0.051003277,0.05134671,0.07551477,0.05113906,0.06667421,0.07775706,0.056410838,0.07876284,0.05123531,1.0,0.050197694,0.061281066,0.043939684,0.06658431,0.0826403,0.066660605,0.08698432,0.034769952,0.055370517,0.10190893,0.089094035,0.073140554,0.054878566,0.049722306,0.0671752,0.07793447,0.06792286
4-1,0.06585896,0.077078834,0.06870178,0.08281213,0.088302344,0.10907771,0.057603337,0.072074935,0.07295409,0.0739277,0.050197694,1.0,0.046903763,0.06554633,0.05894048,0.048910014,0.051847085,0.062488057,0.06355539,0.08020333,0.07418929,0.049071565,0.06260593,0.05067716,0.082671344,0.078904755,0.10649704,0.056555837
4-2,0.052193437,0.06188445,0.09462333,0.091443695,0.06633477,0.06860945,0.08500166,0.09310541,0.036436707,0.048151437,0.061281066,0.046903763,0.99999994,0.06674454,0.07521691,0.053826634,0.07320126,0.06115758,0.047439348,0.06142599,0.07983004,0.077633075,0.06729111,0.096878305,0.07091304,0.031915016,0.10460687,0.08423864
4-3,0.07841718,0.06924733,0.086115636,0.05660254,0.09051366,0.05691114,0.0806421,0.10247859,0.050628703,0.069961384,0.043939684,0.06554633,0.06674454,0.99999994,0.078622855,0.07208666,0.09194768,0.031117085,0.05005302,0.079744056,0.08604455,0.07881342,0.07283475,0.11244617,0.07303893,0.05688406,0.059775326,0.07445603
4-4,0.08398693,0.09891173,0.08725113,0.06836101,0.079478145,0.085076295,0.09520649,0.070523195,0.04509475,0.083144434,0.06658431,0.05894048,0.07521691,0.078622855,1.0000001,0.05428786,0.07151158,0.05491654,0.050952006,0.08271547,0.0888892,0.06590417,0.06330866,0.07352394,0.044175107,0.07376443,0.06934283,0.08176805
5-0,0.109692045,0.08364205,0.044987895,0.086585924,0.103091866,0.096528575,0.071050584,0.05385687,0.08259523,0.08349838,0.0826403,0.048910014,0.053826634,0.07208666,0.05428786,1.0,0.051054128,0.04529734,0.07116579,0.0956773,0.01915778,0.038362294,0.07313103,0.03777776,0.09277868,0.06580804,0.05658173,0.05784341
5-1,0.092853226,0.06815285,0.078529194,0.08316661,0.067805566,0.06289945,0.069854215,0.045473788,0.112595804,0.09279764,0.066660605,0.051847085,0.07320126,0.09194768,0.07151158,0.051054128,0.99999994,0.052439645,0.043927513,0.07073922,0.06457682,0.030540634,0.07151996,0.055586137,0.039094605,0.05494403,0.06858271,0.023523523
5-2,0.0836906,0.0743049,0.0808066,0.10572958,0.08054752,0.09002649,0.059792273,0.06793429,0.06382791,0.048078787,0.08698432,0.062488057,0.06115758,0.031117085,0.05491654,0.04529734,0.052439645,1.0,0.05973778,0.06516493,0.044233996,0.071252204,0.05529345,0.060419742,0.041201174,0.04262068,0.08512773,0.037842833
5-3,0.10707229,0.0991402,0.09535021,0.107910186,0.06790933,0.10257735,0.07074282,0.10410374,0.08926194,0.07806967,0.034769952,0.06355539,0.047439348,0.05005302,0.050952006,0.07116579,0.043927513,0.05973778,1.0000001,0.026322965,0.05790652,0.04069097,0.051022507,0.045482162,0.037722457,0.05951243,0.06475098,0.0535908
5-4,0.09960477,0.06563213,0.117397025,0.0789257,0.062268548,0.096301734,0.09325011,0.062560946,0.09950595,0.054583363,0.055370517,0.08020333,0.06142599,0.079744056,0.08271547,0.0956773,0.07073922,0.06516493,0.026322965,0.99999976,0.028292267,0.04800581,0.044337403,0.06207218,0.066733226,0.058910865,0.04637243,0.030292539
5-5,0.07016833,0.06608443,0.07637081,0.10584637,0.1157153,0.0887027,0.072613515,0.058914583,0.09539303,0.09760513,0.10190893,0.07418929,0.07983004,0.08604455,0.0888892,0.01915778,0.06457682,0.044233996,0.05790652,0.028292267,1.0,0.07077878,0.04535361,0.05110822,0.056108035,0.030516144,0.028564796,0.053339604
6-0,0.10295097,0.07364723,0.09320223,0.102509364,0.0794748,0.06531462,0.09930251,0.084015705,0.06648445,0.11442822,0.089094035,0.049071565,0.077633075,0.07881342,0.06590417,0.038362294,0.030540634,0.071252204,0.04069097,0.04800581,0.07077878,1.0,0.077764995,0.012432517,0.01357998,0.007066644,0.052469093,0.05156298
6-1,0.08706221,0.08728411,0.091448806,0.07392797,0.091601245,0.07388677,0.08981588,0.067146294,0.053090308,0.06682565,0.073140554,0.06260593,0.06729111,0.07283475,0.06330866,0.07313103,0.07151996,0.05529345,0.051022507,0.044337403,0.04535361,0.077764995,0.9999999,0.028105926,0.022194453,0.06513915,0.018377116,0.054633252
6-2,0.09206966,0.08902256,0.07511235,0.079934075,0.061353397,0.08308196,0.09113909,0.0897125,0.07439375,0.08870001,0.054878566,0.05067716,0.096878305,0.11244617,0.07352394,0.03777776,0.055586137,0.060419742,0.045482162,0.06207218,0.05110822,0.012432517,0.028105926,1.0,0.017968075,0.012246903,0.028062133,-0.0020452207
6-3,0.1053757,0.04606904,0.07983201,0.055031482,0.07159551,0.09150989,0.078142464,0.11554513,0.0602226,0.07288586,0.049722306,0.082671344,0.07091304,0.07303893,0.044175107,0.09277868,0.039094605,0.041201174,0.037722457,0.066733226,0.056108035,0.01357998,0.022194453,0.017968075,1.0000001,0.0307399,0.03683919,0.03007076
6-4,0.07727805,0.10007415,0.11223678,0.075523645,0.09681642,0.0840836,0.04461233,0.08551752,0.0678643,0.07498584,0.0671752,0.078904755,0.031915016,0.05688406,0.07376443,0.06580804,0.05494403,0.04262068,0.05951243,0.058910865,0.030516144,0.007066644,0.06513915,0.012246903,0.0307399,1.0,0.020812675,0.022159116
6-5,0.077147394,0.13326445,0.07899018,0.06651721,0.08420086,0.07121601,0.10315231,0.069563195,0.061676543,0.09635996,0.07793447,0.10649704,0.10460687,0.059775326,0.06934283,0.05658173,0.06858271,0.08512773,0.06475098,0.04637243,0.028564796,0.052469093,0.018377116,0.028062133,0.03683919,0.020812675,1.0000001,0.0077180574
6-6,0.11092497,0.0940612,0.101041265,0.068822354,0.05759316,0.06500801,0.07729081,0.081373736,0.074932575,0.08681562,0.06792286,0.056555837,0.08423864,0.07445603,0.08176805,0.05784341,0.023523523,0.037842833,0.0535908,0.030292539,0.053339604,0.05156298,0.054633252,-0.0020452207,0.03007076,0.022159116,0.0077180574,0.99999994
