,0-0,1-0,1-1,2-0,2-1,2-2,3-0,3-1,3-2,3-3,4-0,4-1,4-2,4-3,4-4,5-0,5-1,5-2,5-3,5-4,5-5,6-0,6-1,6-2,6-3,6-4,6-5,6-6
0-0,0.0,3.0349358004872613,-3.3845170870507353,2.561205767044431,-1.5319688751775296,-5.680988162447214,6.600940017304989,8.826364489211473,-10.269470221048396,1.9367638088249883,-1.2738562564131115,-1.2071368804270772,2.4333686918389272,-8.95650506481439,-3.387584510032319,0.10144863173766794,-3.433446669255609,0.6558905012877361,3.0695483017027527,-1.8584115014072538,-6.841897692199378,-0.7077080676588814,-3.684800790174947,5.008830169487377,-0.7920849480883927,-4.968362784255879,3.5897530061179825,3.0058061069536883
1-0,3.0349358004872613,0.0,3.529400639688495,0.7377497564099222,-2.3857279161150675,3.047744379106831,-3.4916782036681973,-0.33908286341437766,2.1444475056908363,5.850681535564217,7.655934486199136,1.2623364018677101,1.5417308630226039,-3.5611058565936773,-4.05486336448967,-3.6614013182907854,0.9249155019280675,1.1809193391380823,0.18346602844198223,5.122172891998645,-1.189417873956888,-2.6506279477572563,1.9328206402679893,-2.8550298815511654,0.8043724611905194,-0.27666727973887006,-5.051884822698341,3.280834944804031
1-1,-3.3845170870507353,3.529400639688495,0.0,-6.493779943204881,-5.2582832567555124,-5.488110624833277,1.9049286660300382,-0.3696468620634832,1.2345184276766474,4.57408579088337,-2.481772369592827,2.741296212742416,7.165928769135403,0.7178539542810256,0.5830708053593945,-1.0996132245877988,0.20387531280277038,-0.762343072209438,-3.1820186051277553,2.3515600533007,-0.33790904347432615,3.9018361366217205,-3.6400714007091555,1.512818818212427,-0.805556616823667,1.2330617619050699,-0.8152530541516798,-2.6624274665434875
2-0,2.561205767044431,0.7377497564099222,-6.493779943204881,0.0,-1.9347826248825744,-0.7275729559233071,-5.982681813208137,2.823550739506425,1.8215111230416507,-2.2152340900642074,3.3250615956134446,-0.6685364887179794,-1.3876268760479338,0.9413545861539632,-1.3012717000225713,-10.998334814937078,-0.14669812939836469,1.4214750199809636,0.7435022287653812,-2.71981110969816,-3.9196715694961313,4.212638355796248,0.6852810830156315,0.32798611675203126,-0.3360242389189807,2.170237607453217,-5.9065672370935545,0.005517609773900034
2-1,-1.5319688751775296,-2.3857279161150675,-5.2582832567555124,-1.9347826248825744,0.0,-1.1547543321519917,-2.0061594857331198,-0.20295723604886362,-2.7543475018642862,3.5074420835646514,-1.2746065531020196,3.69516532593652,3.1066110691426996,-3.737678641926573,1.2343758159893987,4.078187512537934,6.803898272150727,9.059902109360737,2.589721525937369,7.3233778844435236,-4.479552750793047,-0.2331836390730606,0.6451367438239792,-1.3948505301319276,-0.7012601532022078,-0.5310178428495433,-0.5451964247700563,-4.2401822849733115
2-2,-5.680988162447214,3.047744379106831,-5.488110624833277,-0.7275729559233071,-1.1547543321519917,0.0,3.5315345137104757,7.907956136614105,-4.417508203275389,-11.85571861784645,2.221756555010689,4.644825137345931,1.1908862651674923,-3.6897282322265674,-2.957844714481535,-6.527397431297409,-2.1532018231997725,0.011892923101150643,1.8377496357150775,-3.2064494836342465,-6.056602341093043,11.966476172336352,-2.5462290857922536,1.4830144094826085,-3.2434418336342894,-1.3775118775939816,1.095683277859246,-8.366305949347378
3-0,6.600940017304989,-3.4916782036681973,1.9049286660300382,-5.982681813208137,-2.0061594857331198,3.5315345137104757,0.0,-2.106411979929982,-4.757802245745402,1.7817651174613154,5.269557750635915,2.0681674585122796,4.678370000475255,-2.5593152039895077,-6.931472090284878,2.478436472360521,-1.4944282666021902,4.963854772887027,0.4542321500216211,1.1987110193502843,-0.6208280074946728,-3.7952464415622367,1.891681999942863,9.229899854192084,-1.986766179134607,9.032194079936009,2.266500346500342,2.0806053953879946
3-1,8.826364489211473,-0.33908286341437766,-0.3696468620634832,2.823550739506425,-0.20295723604886362,7.907956136614105,-2.106411979929982,0.0,5.875029633568481,-3.0563024741242693,0.4949822225423919,-4.903377766550937,-3.073983305396043,4.6747672765749755,-3.9996984120291916,6.333490573896631,-4.0296875553794695,6.019967075481336,6.695529637801114,5.434236501357773,-4.74924968943435,3.5571621573283703,0.009963614706485657,-1.9842361134618778,3.271991626105205,-7.532857638633704,6.525258151740154,-2.8515458902812814
3-2,-10.269470221048396,2.1444475056908363,1.2345184276766474,1.8215111230416507,-2.7543475018642862,-4.417508203275389,-4.757802245745402,5.875029633568481,0.0,0.20302154577459675,3.666102779237791,10.167454189855858,1.607959762121867,-3.0132530258704833,-3.6950447218006577,-3.3655187395378423,-0.5421889323060025,-2.6472962062071,2.13302826087458,9.43941189210801,-2.0756399552497697,3.5462947673299405,-0.6176171272994146,4.946384202733283,1.3729823126707341,-0.07710504730627044,3.434473946530792,1.6470638439032967
3-3,1.9367638088249883,5.850681535564217,4.57408579088337,-2.2152340900642074,3.5074420835646514,-11.85571861784645,1.7817651174613154,-3.0563024741242693,0.20302154577459675,0.0,-8.013666076891708,-6.14146329542227,-3.311732133930674,-7.262452451430553,-4.095648298764882,-0.444998995378743,-2.863732680210397,3.7589378236662867,-2.4162932648075905,10.39648767282314,-4.360418997271815,-9.887994078613668,3.7956876096446805,-7.032566952578518,-0.24618048285270788,-0.9819821285439971,0.33565747135367197,-4.674479904001096
4-0,-1.2738562564131115,7.655934486199136,-2.481772369592827,3.3250615956134446,-1.2746065531020196,2.221756555010689,5.269557750635915,0.4949822225423919,3.666102779237791,-8.013666076891708,0.0,0.6011633925863844,-11.402775479592055,2.4971655785694438,5.001271318536698,-1.9453016002993841,-3.541385712481463,-5.524698114587688,14.611181908049543,1.616555438272874,-1.4882982738867732,2.2823382371006113,-9.873806914467881,-1.5350063096359108,-1.610646701936961,1.7954930443131403,-1.9702006891225246,2.3053762212369904
4-1,-1.2071368804270772,1.2623364018677101,2.741296212742416,-0.6685364887179794,3.69516532593652,4.644825137345931,2.0681674585122796,-4.903377766550937,10.167454189855858,-6.14146329542227,0.6011633925863844,0.0,7.114737547187632,2.9063452720157947,1.9541018056338473,0.1444336487025275,-2.2465222583513498,1.259481578858665,-2.7379717318374324,2.5684118993959952,-6.7383066146284545,5.050644914673949,-3.7219504533447605,2.249676149019093,-3.95039863242223,-0.8647717066849516,4.280645670990495,-5.021555196427764
4-2,2.4333686918389272,1.5417308630226039,7.165928769135403,-1.3876268760479338,3.1066110691426996,1.1908862651674923,4.678370000475255,-3.073983305396043,1.607959762121867,-3.311732133930674,-11.402775479592055,7.114737547187632,0.0,-0.908704711273753,4.312067695360174,2.773828109857419,4.648023717955059,-2.2777906266531067,1.7914227293174614,-2.257904595160065,9.032113487552078,2.6389138347033034,0.8629995633656904,2.8751490415465355,0.44822659796343345,3.020178310025498,6.173929021034279,3.4411725980604597
4-3,-8.95650506481439,-3.5611058565936773,0.7178539542810256,0.9413545861539632,-3.737678641926573,-3.6897282322265674,-2.5593152039895077,4.6747672765749755,-3.0132530258704833,-7.262452451430553,2.4971655785694438,2.9063452720157947,-0.908704711273753,0.0,-3.473247656734749,-7.523453054203305,-0.5088534057016272,-4.26025697589902,7.416363787478957,2.789414085379052,-6.927560838901812,3.0113296403395484,-0.32317048958392647,5.250090099708027,3.9187517017089704,3.3562304792981017,-0.003402648076955117,-6.328691538583239
4-4,-3.387584510032319,-4.05486336448967,0.5830708053593945,-1.3012717000225713,1.2343758159893987,-2.957844714481535,-6.931472090284878,-3.9996984120291916,-3.6950447218006577,-4.095648298764882,5.001271318536698,1.9541018056338473,4.312067695360174,-3.473247656734749,0.0,-3.2137917586804896,-6.123978434965139,0.4845895048089801,-2.9115817546050664,1.3117907700878462,-4.686275611755061,1.2491960640674886,-1.9468425273944412,1.4949365804160237,-6.364179595360804,-1.5563304474013009,-4.6553575141703,-6.498828222858407
5-0,0.10144863173766794,-3.6614013182907854,-1.0996132245877988,-10.998334814937078,4.078187512537934,-6.527397431297409,2.478436472360521,6.333490573896631,-3.3655187395378423,-0.444998995378743,-1.9453016002993841,0.1444336487025275,2.773828109857419,-7.523453054203305,-3.2137917586804896,0.0,10.407012748762885,-6.721598798642486,-0.6859518762383523,-2.040174305610986,-3.890327163069781,9.349418017026283,-4.511008038823119,-5.617377079160795,-8.269085847530219,-6.211236699570719,4.1444981384221915,3.2962655249721813
5-1,-3.433446669255609,0.9249155019280675,0.20387531280277038,-0.14669812939836469,6.803898272150727,-2.1532018231997725,-1.4944282666021902,-4.0296875553794695,-0.5421889323060025,-2.863732680210397,-3.541385712481463,-2.2465222583513498,4.648023717955059,-0.5088534057016272,-6.123978434965139,10.407012748762885,0.0,1.818356975215318,3.3852134288289832,1.5818327502981049,0.5983465595059769,10.408462109972401,6.3572953133822665,0.04166701378532878,-2.521152865695207,3.5644740600420732,4.194018421844506,-5.240768813454242
5-2,0.6558905012877361,1.1809193391380823,-0.762343072209438,1.4214750199809636,9.059902109360737,0.011892923101150643,4.963854772887027,6.019967075481336,-2.6472962062071,3.7589378236662867,-5.524698114587688,1.259481578858665,-2.2777906266531067,-4.26025697589902,0.4845895048089801,-6.721598798642486,1.818356975215318,0.0,-3.800341175519442,-2.4584597087881797,1.3040858464514393,-0.8540525713361022,1.085521372814501,-1.6417230883985958,4.484850971514808,-6.279522102747912,1.1881174971497561,-0.4553532115383483
5-3,3.0695483017027527,0.18346602844198223,-3.1820186051277553,0.7435022287653812,2.589721525937369,1.8377496357150775,0.4542321500216211,6.695529637801114,2.13302826087458,-2.4162932648075905,14.611181908049543,-2.7379717318374324,1.7914227293174614,7.416363787478957,-2.9115817546050664,-0.6859518762383523,3.3852134288289832,-3.800341175519442,0.0,3.6774203138490567,-0.41717698805418024,-0.08854291906923706,1.5325125065628473,-1.6331157930340874,1.0707309941520453,-0.8769754134440095,-3.1760024802130076,-5.890901760329683
5-4,-1.8584115014072538,5.122172891998645,2.3515600533007,-2.71981110969816,7.3233778844435236,-3.2064494836342465,1.1987110193502843,5.434236501357773,9.43941189210801,10.39648767282314,1.616555438272874,2.5684118993959952,-2.257904595160065,2.789414085379052,1.3117907700878462,-2.040174305610986,1.5818327502981049,-2.4584597087881797,3.6774203138490567,0.0,-5.048840494867889,4.194608388931868,-10.289891740991603,-2.0870015220700187,4.974517222788069,1.0839536723348715,-7.948406727767459,-5.580766325344451
5-5,-6.841897692199378,-1.189417873956888,-0.33790904347432615,-3.9196715694961313,-4.479552750793047,-6.056602341093043,-0.6208280074946728,-4.74924968943435,-2.0756399552497697,-4.360418997271815,-1.4882982738867732,-6.7383066146284545,9.032113487552078,-6.927560838901812,-4.686275611755061,-3.890327163069781,0.5983465595059769,1.3040858464514393,-0.41717698805418024,-5.048840494867889,0.0,1.1087028630285545e-05,3.294082385676589,0.14198792066611432,-0.3962705553056516,-5.728592347517083,-3.1430040296706956,-1.0364747383587982
6-0,-0.7077080676588814,-2.6506279477572563,3.9018361366217205,4.212638355796248,-0.2331836390730606,11.966476172336352,-3.7952464415622367,3.5571621573283703,3.5462947673299405,-9.887994078613668,2.2823382371006113,5.050644914673949,2.6389138347033034,3.0113296403395484,1.2491960640674886,9.349418017026283,10.408462109972401,-0.8540525713361022,-0.08854291906923706,4.194608388931868,1.1087028630285545e-05,0.0,5.325458157403233,4.04121513919158,5.863676644992429,2.752333873760012,4.530074483758693,3.4310482195150342
6-1,-3.684800790174947,1.9328206402679893,-3.6400714007091555,0.6852810830156315,0.6451367438239792,-2.5462290857922536,1.891681999942863,0.009963614706485657,-0.6176171272994146,3.7956876096446805,-9.873806914467881,-3.7219504533447605,0.8629995633656904,-0.32317048958392647,-1.9468425273944412,-4.511008038823119,6.3572953133822665,1.085521372814501,1.5325125065628473,-10.289891740991603,3.294082385676589,5.325458157403233,0.0,5.438461041014143,2.0867522726447145,-5.200348074345277,6.273352131612995,0.9632147562582318
6-2,5.008830169487377,-2.8550298815511654,1.512818818212427,0.32798611675203126,-1.3948505301319276,1.4830144094826085,9.229899854192084,-1.9842361134618778,4.946384202733283,-7.032566952578518,-1.5350063096359108,2.249676149019093,2.8751490415465355,5.250090099708027,1.4949365804160237,-5.617377079160795,0.04166701378532878,-1.6417230883985958,-1.6331157930340874,-2.0870015220700187,0.14198792066611432,4.04121513919158,5.438461041014143,0.0,3.543346195270006,1.7491751412093066,1.1471177714100023,0.7975864566612927
6-3,-0.7920849480883927,0.8043724611905194,-0.805556616823667,-0.3360242389189807,-0.7012601532022078,-3.2434418336342894,-1.986766179134607,3.271991626105205,1.3729823126707341,-0.24618048285270788,-1.610646701936961,-3.95039863242223,0.44822659796343345,3.9187517017089704,-6.364179595360804,-8.269085847530219,-2.521152865695207,4.484850971514808,1.0707309941520453,4.974517222788069,-0.3962705553056516,5.863676644992429,2.0867522726447145,3.543346195270006,0.0,-3.972735647362139,4.773109080740655,8.549052291466474
6-4,-4.968362784255879,-0.27666727973887006,1.2330617619050699,2.170237607453217,-0.5310178428495433,-1.3775118775939816,9.032194079936009,-7.532857638633704,-0.07710504730627044,-0.9819821285439971,1.7954930443131403,-0.8647717066849516,3.020178310025498,3.3562304792981017,-1.5563304474013009,-6.211236699570719,3.5644740600420732,-6.279522102747912,-0.8769754134440095,1.0839536723348715,-5.728592347517083,2.752333873760012,-5.200348074345277,1.7491751412093066,-3.972735647362139,0.0,1.9194197671616973,-2.0081779256533885
6-5,3.5897530061179825,-5.051884822698341,-0.8152530541516798,-5.9065672370935545,-0.5451964247700563,1.095683277859246,2.266500346500342,6.525258151740154,3.434473946530792,0.33565747135367197,-1.9702006891225246,4.280645670990495,6.173929021034279,-0.003402648076955117,-4.6553575141703,4.1444981384221915,4.194018421844506,1.1881174971497561,-3.1760024802130076,-7.948406727767459,-3.1430040296706956,4.530074483758693,6.273352131612995,1.1471177714100023,4.773109080740655,1.9194197671616973,0.0,4.306551621334226
6-6,3.0058061069536883,3.280834944804031,-2.6624274665434875,0.005517609773900034,-4.2401822849733115,-8.366305949347378,2.0806053953879946,-2.8515458902812814,1.6470638439032967,-4.674479904001096,2.3053762212369904,-5.021555196427764,3.4411725980604597,-6.328691538583239,-6.498828222858407,3.2962655249721813,-5.240768813454242,-0.4553532115383483,-5.890901760329683,-5.580766325344451,-1.0364747383587982,3.4310482195150342,0.9632147562582318,0.7975864566612927,8.549052291466474,-2.0081779256533885,4.306551621334226,0.0
